1 1.1133794 0.27584268354750396
1 0.2643121 0.9064723551894937
1 0.24957925 0.9148151967453604
1 0.25007954 0.9170372933001127
1 0.24193138 0.9186306828955115
2 0.25018197 0.9154804951150467
2 0.24253875 0.919681854319616
2 0.24526134 0.9164218923081529
2 0.24200332 0.9179953229524611
2 0.24273536 0.9184177874172119
3 0.23986581 0.9222964769124833
3 0.24025439 0.9226224731136297
3 0.24511395 0.9180618527894298
3 0.24077767 0.9232212416463473
3 0.24208339 0.9208361469910218
4 0.23954993 0.9219505217602464
4 0.24287593 0.9178289983600395
4 0.2436354 0.9177591420312224
4 0.24501011 0.9209359417464748
4 0.24429363 0.9204303149855131
4 0.24454367 0.921631178542797
5 0.24530616 0.9168842746750849
5 0.2468696 0.918218197906306
5 0.24441116 0.9190298619173234
5 0.24633971 0.9230116726598961
5 0.24338865 0.9243655548422078
5 0.24544473 0.9227422268201732
6 0.24473476 0.92240957763533
6 0.24758372 0.9223962716679363
6 0.24263707 0.9246150417308402
6 0.24350727 0.9207829231214469
6 0.24780124 0.923410851681708
6 0.24743772 0.9221534377630007
7 0.24873479 0.9170705582185971
7 0.24892783 0.9236969299806731
7 0.25021303 0.9188901492596893
7 0.24739699 0.9235439113556452
7 0.2469617 0.9244653495976608
7 0.24705186 0.923434137124647
8 0.24523282 0.9241260474291207
8 0.24791746 0.9192993077570464
8 0.25000376 0.9219738072031854
8 0.25153944 0.9203172142626664
8 0.250242 0.9172801272050483
8 0.2504375 0.9230449375783805
9 0.2509887 0.9232678125322253
9 0.25084722 0.923404198698011
9 0.25223294 0.922602514162539
9 0.25141466 0.9223463742902098
9 0.25114486 0.9249377114401381
9 0.24926609 0.9225459638011158
10 0.25207028 0.9183945019742729
10 0.252214 0.923141405841985
10 0.2535527 0.9204269884936647
10 0.2529121 0.9237867452605807
10 0.25601572 0.9169142131017208
10 0.25298426 0.9223463742902098
