1 1.3371633 0.11771487636161247
1 0.22637506 0.9199332114176672
1 0.18588965 0.9338872545122048
1 0.16919355 0.942772521268983
1 0.15933153 0.9436073785481435
2 0.15803419 0.9451777053351356
2 0.15574454 0.9459131748429673
2 0.1565123 0.94543611354059
2 0.15195486 0.9467679096763935
2 0.14812663 0.9484575017889799
3 0.1487061 0.9483382364633856
3 0.15044871 0.9488152977657629
3 0.1486603 0.9491730937425459
3 0.14573409 0.9494712570565318
3 0.14616571 0.9490737059712173
4 0.14470479 0.9495507672735947
4 0.14403646 0.949888685696112
4 0.14375564 0.9499085632503776
4 0.1424112 0.9509024409636638
4 0.14488046 0.948954440645623
5 0.14396279 0.9511210940605868
5 0.14196163 0.9510415838435239
5 0.14237708 0.9507831756380695
5 0.14227672 0.9513795022660412
5 0.14454736 0.949530889719329
6 0.14627744 0.9484972568975113
6 0.14167097 0.9512999920489783
6 0.1415513 0.9511608491691182
6 0.14718997 0.9486165222231057
6 0.1412288 0.9518565635684185
7 0.14385958 0.950385624552755
7 0.14545129 0.9501272163473006
7 0.14400104 0.9509819511807267
7 0.1438523 0.9503657469984893
7 0.14488183 0.9491730937425459
8 0.1468452 0.9505844000954122
8 0.14370932 0.9518366860141528
8 0.14665481 0.9499085632503776
8 0.14700526 0.9499880734674405
8 0.1447233 0.9509024409636638
9 0.14510983 0.9502067265643636
9 0.1432919 0.9511807267233839
9 0.1490241 0.9488948079828258
9 0.14584966 0.9499284408046434
9 0.14911103 0.9472847260873022
10 0.14983559 0.9491730937425459
10 0.14601542 0.9507831756380695
10 0.14564629 0.9511608491691182
10 0.1454716 0.9496899101534547
10 0.14407578 0.9508030531923353
